0.0,0,1,1.5412
(0.1057,1,1),(0.2177,2,2),(0.3267,3,2),(0.4357,4,2),(0.5477,5,3),(0.6598,6,4),(0.7718,7,5),(0.8839,8,6),(0.9959,9,7),(1.108,10,8),(1.22,11,9),(1.329,12,9),(1.438,13,9)
0.0,0,2,1.6554
(0.1058,0,1),(0.2138,0,2),(0.3218,0,3),(0.4298,0,4),(0.5418,-1,5),(0.6539,-2,6),(0.7659,-3,7),(0.8779,-4,8),(0.99,-5,9),(1.102,-6,10),(1.2141,-7,11),(1.3261,-8,12),(1.4382,-9,13),(1.5502,-10,14)
4.7,0,1,1.6478
(4.8042,0,1),(4.9162,1,2),(5.0283,2,3),(5.1403,3,4),(5.2524,4,5),(5.3644,5,6),(5.4764,6,7),(5.5885,7,8),(5.7005,8,9),(5.8095,9,9),(5.9185,10,9),(6.0275,11,9),(6.1365,12,9),(6.2455,13,9)
4.7,0,2,1.551
(4.8042,0,1),(4.9162,-1,2),(5.0283,-2,3),(5.1363,-2,4),(5.2483,-3,5),(5.3604,-4,6),(5.4724,-5,7),(5.5844,-6,8),(5.6965,-7,9),(5.8085,-8,10),(5.9206,-9,11),(6.0326,-10,12),(6.1447,-11,13)
16.4,0,1,1.5412
(16.5051,0,1),(16.6171,1,2),(16.7261,2,2),(16.8351,3,2),(16.9472,4,3),(17.0592,5,4),(17.1712,6,5),(17.2833,7,6),(17.3953,8,7),(17.5074,9,8),(17.6164,10,8),(17.7254,11,8),(17.8344,12,8)
16.4,0,2,1.6554
(16.5064,-1,1),(16.6144,-1,2),(16.7224,-1,3),(16.8304,-1,4),(16.9425,-2,5),(17.0545,-3,6),(17.1666,-4,7),(17.2786,-5,8),(17.3906,-6,9),(17.5027,-7,10),(17.6147,-8,11),(17.7268,-9,12),(17.8388,-10,13),(17.9508,-11,14)
